#Linear limb darkening coefficients from Gianninas et al. 2013 ApJ, 766, 3 for given logg and Teff (first two columns).
 5.00  4000  0.4407
 5.00  4250  0.4437
 5.00  4500  0.4612
 5.00  4750  0.4990
 5.00  5000  0.5481
 5.00  5250  0.5848
 5.00  5500  0.6086
 5.00  6000  0.6356
 5.00  6500  0.6479
 5.00  7000  0.6443
 5.00  7500  0.6274
 5.00  8000  0.5993
 5.00  8500  0.5645
 5.00  9000  0.5434
 5.00  9500  0.5545
 5.00 10000  0.5420
 5.00 10500  0.5222
 5.00 11000  0.5049
 5.00 11500  0.4902
 5.00 12000  0.4774
 5.00 12500  0.4662
 5.00 13000  0.4562
 5.00 13500  0.4469
 5.00 14000  0.4384
 5.00 14500  0.4304
 5.00 15000  0.4230
 5.00 15500  0.4160
 5.00 16000  0.4093
 5.00 16500  0.4032
 5.00 17000  0.3972
 5.00 20000  0.3677
 5.00 25000  0.3362
 5.00 30000  0.3029
 5.25  4000  0.4374
 5.25  4250  0.4380
 5.25  4500  0.4526
 5.25  4750  0.4825
 5.25  5000  0.5288
 5.25  5250  0.5685
 5.25  5500  0.5951
 5.25  6000  0.6222
 5.25  6500  0.6345
 5.25  7000  0.6336
 5.25  7500  0.6198
 5.25  8000  0.5948
 5.25  8500  0.5616
 5.25  9000  0.5333
 5.25  9500  0.5357
 5.25 10000  0.5382
 5.25 10500  0.5202
 5.25 11000  0.5033
 5.25 11500  0.4885
 5.25 12000  0.4757
 5.25 12500  0.4643
 5.25 13000  0.4542
 5.25 13500  0.4449
 5.25 14000  0.4363
 5.25 14500  0.4283
 5.25 15000  0.4208
 5.25 15500  0.4137
 5.25 16000  0.4071
 5.25 16500  0.4008
 5.25 17000  0.3945
 5.25 20000  0.3648
 5.25 25000  0.3320
 5.25 30000  0.2980
 5.50  4000  0.4351
 5.50  4250  0.4340
 5.50  4500  0.4461
 5.50  4750  0.4693
 5.50  5000  0.5101
 5.50  5250  0.5518
 5.50  5500  0.5812
 5.50  6000  0.6101
 5.50  6500  0.6218
 5.50  7000  0.6228
 5.50  7500  0.6116
 5.50  8000  0.5897
 5.50  8500  0.5587
 5.50  9000  0.5271
 5.50  9500  0.5170
 5.50 10000  0.5281
 5.50 10500  0.5179
 5.50 11000  0.5015
 5.50 11500  0.4866
 5.50 12000  0.4738
 5.50 12500  0.4623
 5.50 13000  0.4522
 5.50 13500  0.4428
 5.50 14000  0.4341
 5.50 14500  0.4261
 5.50 15000  0.4186
 5.50 15500  0.4115
 5.50 16000  0.4048
 5.50 16500  0.3985
 5.50 17000  0.3925
 5.50 20000  0.3622
 5.50 25000  0.3286
 5.50 30000  0.2938
 5.75  4000  0.4351
 5.75  4250  0.4316
 5.75  4500  0.4410
 5.75  4750  0.4593
 5.75  5000  0.4931
 5.75  5250  0.5342
 5.75  5500  0.5673
 5.75  6000  0.5992
 5.75  6500  0.6098
 5.75  7000  0.6112
 5.75  7500  0.6024
 5.75  8000  0.5832
 5.75  8500  0.5549
 5.75  9000  0.5227
 5.75  9500  0.5035
 5.75 10000  0.5103
 5.75 10500  0.5127
 5.75 11000  0.4985
 5.75 11500  0.4843
 5.75 12000  0.4716
 5.75 12500  0.4602
 5.75 13000  0.4499
 5.75 13500  0.4405
 5.75 14000  0.4319
 5.75 14500  0.4235
 5.75 15000  0.4162
 5.75 15500  0.4092
 5.75 16000  0.4025
 5.75 16500  0.3961
 5.75 17000  0.3901
 5.75 20000  0.3598
 5.75 25000  0.3255
 5.75 30000  0.2901
 6.00  4000  0.4361
 6.00  4250  0.4306
 6.00  4500  0.4372
 6.00  4750  0.4520
 6.00  5000  0.4785
 6.00  5250  0.5166
 6.00  5500  0.5522
 6.00  6000  0.5891
 6.00  6500  0.5993
 6.00  7000  0.5999
 6.00  7500  0.5925
 6.00  8000  0.5760
 6.00  8500  0.5504
 6.00  9000  0.5191
 6.00  9500  0.4939
 6.00 10000  0.4912
 6.00 10500  0.5013
 6.00 11000  0.4948
 6.00 11500  0.4814
 6.00 12000  0.4691
 6.00 12500  0.4578
 6.00 13000  0.4476
 6.00 13500  0.4383
 6.00 14000  0.4296
 6.00 14500  0.4216
 6.00 15000  0.4140
 6.00 15500  0.4069
 6.00 16000  0.4002
 6.00 16500  0.3939
 6.00 17000  0.3879
 6.00 20000  0.3575
 6.00 25000  0.3230
 6.00 30000  0.2869
 6.25  4000  0.4380
 6.25  4250  0.4308
 6.25  4500  0.4344
 6.25  4750  0.4464
 6.25  5000  0.4671
 6.25  5250  0.5000
 6.25  5500  0.5363
 6.25  6000  0.5790
 6.25  6500  0.5902
 6.25  7000  0.5898
 6.25  7500  0.5827
 6.25  8000  0.5680
 6.25  8500  0.5450
 6.25  9000  0.5155
 6.25  9500  0.4872
 6.25 10000  0.4757
 6.25 10500  0.4830
 6.25 11000  0.4877
 6.25 11500  0.4778
 6.25 12000  0.4658
 6.25 12500  0.4550
 6.25 13000  0.4449
 6.25 13500  0.4357
 6.25 14000  0.4271
 6.25 14500  0.4192
 6.25 15000  0.4116
 6.25 15500  0.4046
 6.25 16000  0.3979
 6.25 16500  0.3916
 6.25 17000  0.3856
 6.25 20000  0.3553
 6.25 25000  0.3207
 6.25 30000  0.2839
 6.50  4000  0.4405
 6.50  4250  0.4320
 6.50  4500  0.4315
 6.50  4750  0.4421
 6.50  5000  0.4585
 6.50  5250  0.4851
 6.50  5500  0.5200
 6.50  6000  0.5685
 6.50  6500  0.5822
 6.50  7000  0.5809
 6.50  7500  0.5732
 6.50  8000  0.5595
 6.50  8500  0.5387
 6.50  9000  0.5114
 6.50  9500  0.4821
 6.50 10000  0.4638
 6.50 10500  0.4642
 6.50 11000  0.4736
 6.50 11500  0.4723
 6.50 12000  0.4621
 6.50 12500  0.4515
 6.50 13000  0.4418
 6.50 13500  0.4327
 6.50 14000  0.4243
 6.50 14500  0.4164
 6.50 15000  0.4090
 6.50 15500  0.4020
 6.50 16000  0.3954
 6.50 16500  0.3891
 6.50 17000  0.3832
 6.50 20000  0.3531
 6.50 25000  0.3185
 6.50 30000  0.2812
 6.75  4000  0.4435
 6.75  4250  0.4337
 6.75  4500  0.4310
 6.75  4750  0.4391
 6.75  5000  0.4520
 6.75  5250  0.4727
 6.75  5500  0.5040
 6.75  6000  0.5572
 6.75  6500  0.5751
 6.75  7000  0.5737
 6.75  7500  0.5649
 6.75  8000  0.5512
 6.75  8500  0.5318
 6.75  9000  0.5065
 6.75  9500  0.4777
 6.75 10000  0.4548
 6.75 10500  0.4481
 6.75 11000  0.4544
 6.75 11500  0.4616
 6.75 12000  0.4570
 6.75 12500  0.4476
 6.75 13000  0.4381
 6.75 13500  0.4294
 6.75 14000  0.4211
 6.75 14500  0.4134
 6.75 15000  0.4061
 6.75 15500  0.3992
 6.75 16000  0.3927
 6.75 16500  0.3865
 6.75 17000  0.3806
 6.75 20000  0.3508
 6.75 25000  0.3163
 6.75 30000  0.2785
 7.00  4000  0.4469
 7.00  4250  0.4365
 7.00  4500  0.4319
 7.00  4750  0.4371
 7.00  5000  0.4471
 7.00  5250  0.4633
 7.00  5500  0.4894
 7.00  6000  0.5445
 7.00  6500  0.5677
 7.00  7000  0.5675
 7.00  7500  0.5579
 7.00  8000  0.5437
 7.00  8500  0.5246
 7.00  9000  0.5009
 7.00  9500  0.4733
 7.00 10000  0.4478
 7.00 10500  0.4348
 7.00 11000  0.4363
 7.00 11500  0.4442
 7.00 12000  0.4483
 7.00 12500  0.4425
 7.00 13000  0.4339
 7.00 13500  0.4254
 7.00 14000  0.4175
 7.00 14500  0.4100
 7.00 15000  0.4029
 7.00 15500  0.3961
 7.00 16000  0.3899
 7.00 16500  0.3837
 7.00 17000  0.3779
 7.00 20000  0.3484
 7.00 25000  0.3141
 7.00 30000  0.2760
 7.25  4000  0.4505
 7.25  4250  0.4399
 7.25  4500  0.4332
 7.25  4750  0.4360
 7.25  5000  0.4434
 7.25  5250  0.4562
 7.25  5500  0.4768
 7.25  6000  0.5309
 7.25  6500  0.5598
 7.25  7000  0.5622
 7.25  7500  0.5525
 7.25  8000  0.5373
 7.25  8500  0.5182
 7.25  9000  0.4950
 7.25  9500  0.4684
 7.25 10000  0.4420
 7.25 10500  0.4242
 7.25 11000  0.4197
 7.25 11500  0.4250
 7.25 12000  0.4326
 7.25 12500  0.4343
 7.25 13000  0.4286
 7.25 13500  0.4209
 7.25 14000  0.4133
 7.25 14500  0.4062
 7.25 15000  0.3993
 7.25 15500  0.3928
 7.25 16000  0.3865
 7.25 16500  0.3805
 7.25 17000  0.3748
 7.25 20000  0.3459
 7.25 25000  0.3120
 7.25 30000  0.2736
 7.50  4000  0.4544
 7.50  4250  0.4435
 7.50  4500  0.4355
 7.50  4750  0.4354
 7.50  5000  0.4408
 7.50  5250  0.4508
 7.50  5500  0.4672
 7.50  6000  0.5167
 7.50  6500  0.5510
 7.50  7000  0.5574
 7.50  7500  0.5484
 7.50  8000  0.5325
 7.50  8500  0.5127
 7.50  9000  0.4896
 7.50  9500  0.4636
 7.50 10000  0.4368
 7.50 10500  0.4155
 7.50 11000  0.4057
 7.50 11500  0.4070
 7.50 12000  0.4132
 7.50 12500  0.4199
 7.50 13000  0.4205
 7.50 13500  0.4153
 7.50 14000  0.4086
 7.50 14500  0.4017
 7.50 15000  0.3951
 7.50 15500  0.3890
 7.50 16000  0.3829
 7.50 16500  0.3771
 7.50 17000  0.3716
 7.50 20000  0.3432
 7.50 25000  0.3098
 7.50 30000  0.2711
 7.75  4000  0.4583
 7.75  4250  0.4475
 7.75  4500  0.4385
 7.75  4750  0.4354
 7.75  5000  0.4393
 7.75  5250  0.4466
 7.75  5500  0.4598
 7.75  6000  0.5026
 7.75  6500  0.5410
 7.75  7000  0.5520
 7.75  7500  0.5450
 7.75  8000  0.5291
 7.75  8500  0.5089
 7.75  9000  0.4853
 7.75  9500  0.4592
 7.75 10000  0.4321
 7.75 10500  0.4085
 7.75 11000  0.3942
 7.75 11500  0.3903
 7.75 12000  0.3945
 7.75 12500  0.4005
 7.75 13000  0.4064
 7.75 13500  0.4067
 7.75 14000  0.4025
 7.75 14500  0.3968
 7.75 15000  0.3906
 7.75 15500  0.3846
 7.75 16000  0.3790
 7.75 16500  0.3735
 7.75 17000  0.3681
 7.75 20000  0.3404
 7.75 25000  0.3076
 7.75 30000  0.2687
 8.00  4000  0.4622
 8.00  4250  0.4516
 8.00  4500  0.4417
 8.00  4750  0.4366
 8.00  5000  0.4388
 8.00  5250  0.4437
 8.00  5500  0.4540
 8.00  6000  0.4896
 8.00  6500  0.5297
 8.00  7000  0.5462
 8.00  7500  0.5418
 8.00  8000  0.5268
 8.00  8500  0.5065
 8.00  9000  0.4828
 8.00  9500  0.4560
 8.00 10000  0.4284
 8.00 10500  0.4027
 8.00 11000  0.3851
 8.00 11500  0.3764
 8.00 12000  0.3763
 8.00 12500  0.3814
 8.00 13000  0.3870
 8.00 13500  0.3923
 8.00 14000  0.3931
 8.00 14500  0.3901
 8.00 15000  0.3853
 8.00 15500  0.3801
 8.00 16000  0.3746
 8.00 16500  0.3689
 8.00 17000  0.3644
 8.00 20000  0.3375
 8.00 25000  0.3054
 8.00 30000  0.2664
 8.25  4000  0.4660
 8.25  4250  0.4557
 8.25  4500  0.4456
 8.25  4750  0.4387
 8.25  5000  0.4388
 8.25  5250  0.4417
 8.25  5500  0.4497
 8.25  6000  0.4785
 8.25  6500  0.5175
 8.25  7000  0.5391
 8.25  7500  0.5385
 8.25  8000  0.5252
 8.25  8500  0.5054
 8.25  9000  0.4817
 8.25  9500  0.4546
 8.25 10000  0.4262
 8.25 10500  0.3991
 8.25 11000  0.3778
 8.25 11500  0.3654
 8.25 12000  0.3606
 8.25 12500  0.3627
 8.25 13000  0.3676
 8.25 13500  0.3729
 8.25 14000  0.3780
 8.25 14500  0.3795
 8.25 15000  0.3778
 8.25 15500  0.3743
 8.25 16000  0.3697
 8.25 16500  0.3654
 8.25 17000  0.3604
 8.25 20000  0.3345
 8.25 25000  0.3032
 8.25 30000  0.2640
 8.50  4000  0.4699
 8.50  4250  0.4599
 8.50  4500  0.4498
 8.50  4750  0.4416
 8.50  5000  0.4402
 8.50  5250  0.4408
 8.50  5500  0.4469
 8.50  6000  0.4696
 8.50  6500  0.5051
 8.50  7000  0.5308
 8.50  7500  0.5348
 8.50  8000  0.5239
 8.50  8500  0.5050
 8.50  9000  0.4818
 8.50  9500  0.4550
 8.50 10000  0.4261
 8.50 10500  0.3974
 8.50 11000  0.3731
 8.50 11500  0.3569
 8.50 12000  0.3484
 8.50 12500  0.3461
 8.50 13000  0.3492
 8.50 13500  0.3537
 8.50 14000  0.3586
 8.50 14500  0.3636
 8.50 15000  0.3662
 8.50 15500  0.3659
 8.50 16000  0.3634
 8.50 16500  0.3599
 8.50 17000  0.3558
 8.50 20000  0.3315
 8.50 25000  0.3011
 8.50 30000  0.2617
 8.75  4000  0.4735
 8.75  4250  0.4640
 8.75  4500  0.4539
 8.75  4750  0.4448
 8.75  5000  0.4416
 8.75  5250  0.4412
 8.75  5500  0.4443
 8.75  6000  0.4627
 8.75  6500  0.4932
 8.75  7000  0.5213
 8.75  7500  0.5301
 8.75  8000  0.5224
 8.75  8500  0.5051
 8.75  9000  0.4828
 8.75  9500  0.4568
 8.75 10000  0.4281
 8.75 10500  0.3984
 8.75 11000  0.3713
 8.75 11500  0.3515
 8.75 12000  0.3392
 8.75 12500  0.3332
 8.75 13000  0.3325
 8.75 13500  0.3360
 8.75 14000  0.3401
 8.75 14500  0.3446
 8.75 15000  0.3497
 8.75 15500  0.3531
 8.75 16000  0.3540
 8.75 16500  0.3529
 8.75 17000  0.3504
 8.75 20000  0.3284
 8.75 25000  0.2989
 8.75 30000  0.2594
 9.00  4000  0.4770
 9.00  4250  0.4681
 9.00  4500  0.4582
 9.00  4750  0.4488
 9.00  5000  0.4431
 9.00  5250  0.4424
 9.00  5500  0.4433
 9.00  6000  0.4574
 9.00  6500  0.4826
 9.00  7000  0.5109
 9.00  7500  0.5242
 9.00  8000  0.5202
 9.00  8500  0.5052
 9.00  9000  0.4844
 9.00  9500  0.4597
 9.00 10000  0.4316
 9.00 10500  0.4016
 9.00 11000  0.3726
 9.00 11500  0.3494
 9.00 12000  0.3336
 9.00 12500  0.3240
 9.00 13000  0.3198
 9.00 13500  0.3201
 9.00 14000  0.3235
 9.00 14500  0.3273
 9.00 15000  0.3314
 9.00 15500  0.3363
 9.00 16000  0.3404
 9.00 16500  0.3426
 9.00 17000  0.3428
 9.00 20000  0.3253
 9.00 25000  0.2968
 9.00 30000  0.2572
 9.25  4000  0.4803
 9.25  4250  0.4719
 9.25  4500  0.4624
 9.25  4750  0.4528
 9.25  5000  0.4455
 9.25  5250  0.4442
 9.25  5500  0.4433
 9.25  6000  0.4534
 9.25  6500  0.4739
 9.25  7000  0.5002
 9.25  7500  0.5172
 9.25  8000  0.5173
 9.25  8500  0.5051
 9.25  9000  0.4860
 9.25  9500  0.4629
 9.25 10000  0.4361
 9.25 10500  0.4068
 9.25 11000  0.3768
 9.25 11500  0.3506
 9.25 12000  0.3314
 9.25 12500  0.3187
 9.25 13000  0.3110
 9.25 13500  0.3079
 9.25 14000  0.3089
 9.25 14500  0.3122
 9.25 15000  0.3157
 9.25 15500  0.3195
 9.25 16000  0.3241
 9.25 16500  0.3286
 9.25 17000  0.3318
 9.25 20000  0.3217
 9.25 25000  0.2948
 9.25 30000  0.2550
 9.50  4000  0.4832
 9.50  4250  0.4757
 9.50  4500  0.4666
 9.50  4750  0.4568
 9.50  5000  0.4489
 9.50  5250  0.4465
 9.50  5500  0.4444
 9.50  6000  0.4504
 9.50  6500  0.4670
 9.50  7000  0.4900
 9.50  7500  0.5091
 9.50  8000  0.5135
 9.50  8500  0.5044
 9.50  9000  0.4875
 9.50  9500  0.4661
 9.50 10000  0.4412
 9.50 10500  0.4134
 9.50 11000  0.3836
 9.50 11500  0.3553
 9.50 12000  0.3329
 9.50 12500  0.3169
 9.50 13000  0.3063
 9.50 13500  0.3001
 9.50 14000  0.2978
 9.50 14500  0.2991
 9.50 15000  0.3023
 9.50 15500  0.3057
 9.50 16000  0.3091
 9.50 16500  0.3133
 9.50 17000  0.3179
 9.50 20000  0.3186
 9.50 25000  0.2929
 9.50 30000  0.2529
